 00000000000000000000000000000000000000000000001111100000111111111
 00000000000000000000000000000000000000000000001111100000111111111
 00000000000000000000000000000000000000000000001111111000111111111
 00000000000000000000000000000000000000000000000011111100111111111
 00000000000000000000000000000000000000000000000011111111111111111
 00000000000000000000000000000000000000000000000111111111111111111
 00000000000000000000000000000000000000000000000111111111111111111
 00000000000000000000000000000000000000000000000111111111111111111
 00000000000000000000000000000000000000000000001111111111111111111
 00000000000000000000000000000000000000000000001111111111111111111
 00000000000000000000000000000000000000000000001111111111111111111
 00000000000000000000000000000000000000000000001111111111111111111
 00000000000000000000000000000000000000000000011111111111111111111
 00000000000000000000000000000000000000000000111111111111111111111
 00000000000000000000000000000000000000000000111111111111111111111
 00000000000000000000000000000000000000000011111111111111111111111
 00000000000000000000000000000000000000000011111111111111111111111
 00000000000000000000000000000000000000000111111111111111111111110
 00000111000011000011111110000001110000000111111111111111111111100
 00000111111011000111111111111111110000000111111111111111111111000
 00000111111111111111111111111111111000111111111111111111111100000
 00001111111111111111111111111111111111111111111111111111111100000
 00011111111111111111111111111111111111111111111111111111111100000
 00011111111111111111111111111111111111111111100000111111111000000
 00011111111111111111111111111111111111111111100001111111110000000
 00011111111111111111111111111111111111111111100001111111110000000
 00001111111111111111111111111111111111111111100111111111110000000
 00001111111111111111111111111111111111111111111111111111111000000
 00001111111111111111111111111111111111111111111111111111111100000
 00001111111111111111111111111111111111111111111111111111111110000
 00001111111111111111111111111111111111111111111111111111111110000
 00000111111111111111111111111111111111111111111111111111111111000
 00000011111111111111111111111111111111111111011111111111111111000
 00000111111111111111111111111111111111111111011111111111111111000
 00000111111111111111111111111111111111111110111111111111111111000
 00000111111111111111111111111111111111111101111111111111111110000
 00011111111111111111111111111111111111111111111111111111111100000
 11111111111111111111111111111111111111111111111111000000111000000
 11111111111111111111111111111111111111111111111100000000111000000
 11111111111111111111111111111111111111111111110011111110011000000
 11111111111111111111111111111111111110011111111111111111011000000
 01111111111111111111111111111111111110011111111111111111000000000
 00111111111111111111111111111111111110111111111111111111000000000
 00001111111111111111111111111111111100111111111111101111000000000
 00000001111111111111111111111111111110111111111111000011000000000
 00000000011111111111111111111111111110111111111110000000000000000
 00000000001111111111111111111111111100000000000000000000000000000
 00000000001111111111111101111111111000000000000000000000000000000
 00000000001111111111111100111111111000000000000000000000000000000
 00000000000011111111111101111111111000000000000000000000000000000
 00000000000001100111111011111111111000000000000000000000000000000
 00000000000000000000000011111111110000000000000000000000000000000
 00000000000000000000000011111000000000000000000000000000000000000
 00000000000000000000000001111000000000000000000000000000000000000
 00000000000000000000000000000000000000000000000000000000000000000
