 0000000000000000000000000000000000000000000000000000000000000000000000000000000000000000000111111111100000000000111111111111111111
 0000000000000000000000000000000000000000000000000000000000000000000000000000000000000000000111111111100000000000111111111111111111
 0000000000000000000000000000000000000000000000000000000000000000000000000000000000000000000111111111100110000000111111111111111111
 0000000000000000000000000000000000000000000000000000000000000000000000000000000000000000000001111111111110000000011111111111111111
 0000000000000000000000000000000000000000000000000000000000000000000000000000000000000000000000111111111110000000011111111111111111
 0000000000000000000000000000000000000000000000000000000000000000000000000000000000000000000000011111111111100000011111111111111111
 0000000000000000000000000000000000000000000000000000000000000000000000000000000000000000000000011111111111100000111111111111111111
 0000000000000000000000000000000000000000000000000000000000000000000000000000000000000000000000011111111111110111111111111111111111
 0000000000000000000000000000000000000000000000000000000000000000000000000000000000000000000000011111111111111111111111111111111111
 0000000000000000000000000000000000000000000000000000000000000000000000000000000000000000000000001111111111111111111111111111111111
 0000000000000000000000000000000000000000000000000000000000000000000000000000000000000000000000001111111111111111111111111111111111
 0000000000000000000000000000000000000000000000000000000000000000000000000000000000000000000000001111111111111111111111111111111111
 0000000000000000000000000000000000000000000000000000000000000000000000000000000000000000000000001111111111111111111111111111111111
 0000000000000000000000000000000000000000000000000000000000000000000000000000000000000000000000011111111111111111111111111111111111
 0000000000000000000000000000000000000000000000000000000000000000000000000000000000000000000000111111111111111111111111111111111111
 0000000000000000000000000000000000000000000000000000000000000000000000000000000000000000000011111111111111111111111111111111111111
 0000000000000000000000000000000000000000000000000000000000000000000000000000000000000000000011111111111111111111111111111111111111
 0000000000000000000000000000000000000000000000000000000000000000000000000000000000000000000011111111111111111111111111111111111111
 0000000000000000000000000000000000000000000000000000000000000000000000000000000000000000000111111111111111111111111111111111111111
 0000000000000000000000000000000000000000000000000000000000000000000000000000000000000000000111111111111111111111111111111111111111
 0000000000000000000000000000000000000000000000000000000000000000000000000000000000000000000111111111111111111111111111111111111111
 0000000000000000000000000000000000000000000000000000000000000000000000000000000000000000000111111111111111111111111111111111111111
 0000000000000000000000000000000000000000000000000000000000000000000000000000000000000000000111111111111111111111111111111111111111
 0000000000000000000000000000000000000000000000000000000000000000000000000000000000000000001111111111111111111111111111111111111111
 0000000000000000000000000000000000000000000000000000000000000000000000000000000000000000001111111111111111111111111111111111111111
 0000000000000000000000000000000000000000000000000000000000000000000000000000000000000000111111111111111111111111111111111111111111
 0000000000000000000000000000000000000000000000000000000000000000000000000000000000000011111111111111111111111111111111111111111111
 0000000000000000000000000000000000000000000000000000000000000000000000000000000000000011111111111111111111111111111111111111111111
 0000000000000000000000000000000000000000000000000000000000000000000000000000000000000001111111111111111111111111111111111111111111
 0000000000000000000000000000000000000000000000000000000000000000000000000000000000000111111111111111111111111111111111111111111111
 0000000000000000000000000000000000000000000000000000000000000000000000000000000000011111111111111111111111111111111111111111111111
 0000000000000000000000000000000000000000000000000000000000000000000000000000000000011111111111111111111111111111111111111111111111
 0000000000000000000000000000000000000000000000000000000000000000000000000000000000011111111111111111111111111111111111111111111110
 0000000000000000000000000000000000000000000000000000000000000000000000000000000000111111111111111111111111111111111111111111111100
 0000000000000000000000000000000000000000000000000000000000000000000000000000000000111111111111111111111111111111111111111111111000
 0000000000111111000000001110000000000000001100000000000000000011100000000000000001111111111111111111111111111111111111111111100000
 0000000000111111000000001111110000000001111111101100000000000111111000000000000001111111111111111111111111111111111111111111100000
 0000000000011111000000001111110000111011111111111100000000011111111000000000000001111111111111111111111111111111111111111011000000
 0000000000111111111111011111000001111111111111111111111111111111111100000000000001111111111111111111111111111111111111111000000000
 0000000000111111111111111111000011111111111111111111111111111111111110000000111001111111111111111111111111111111111111110000000000
 0000000001111111111111111111111111111111111111111111111111111111111111000000111111111111111111111111111111111111111111100000000000
 0000000011111111111111111111111111111111111111111111111111111111111111111111111111111111111111111111111111111111111111100000000000
 0000000111111111111111111111111111111111111111111111111111111111111111111111111111111111111111111111111111111111111111100000000000
 0000000111111111111111111111111111111111111111111111111111111111111111111111111111111111111111111111111111111111111111000000000000
 0000001111111111111111111111111111111111111111111111111111111111111111111111111111111111111111111111111111111111111111000000000000
 0000011111111111111111111111111111111111111111111111111111111111111111111111111111111111111100111111111111111111111111000000000000
 0000011111111111111111111111111111111111111111111111111111111111111111111111111111111111110000000001111111111111111111000000000000
 0000001111111111111111111111111111111111111111111111111111111111111111111111111111111111111000000011111111111111111111000000000000
 0000001111111111111111111111111111111111111111111111111111111111111111111111111111111111111000000111111111111111111100000000000000
 0000001111111111111111111111111111111111111111111111111111111111111111111111111111111111110000000111111111111111111100000000000000
 0000001111111111111111111111111111111111111111111111111111111111111111111111111111111111110000000011111111111111111100000000000000
 0000000111111111111111111111111111111111111111111111111111111111111111111111111111111111110001100011111111111111111100000000000000
 0000000111111111111111111111111111111111111111111111111111111111111111111111111111111111100001111111111111111111111100000000000000
 0000000111111111111111111111111111111111111111111111111111111111111111111111111111111111110011111111111111111111111100000000000000
 0000000111111111111111111111111111111111111111111111111111111111111111111111111111111111111111111111111111111111111110000000000000
 0000000111111111111111111111111111111111111111111111111111111111111111111111111111111111111111111111111111111111111111000000000000
 0000000111111111111111111111111111111111111111111111111111111111111111111111111111111111111111111111111111111111111111110000000000
 0000000011111111111111111111111111111111111111111111111111111111111111111111111111111111111111111111111111111111111111110000000000
 0000000011111111111111111111111111111111111111111111111111111111111111111111111111111111111111111111111111111111111111111000000000
 0000000011111111111111111111111111111111111111111111111111111111111111111111111111111111111111111111111111111111111111111000000000
 0000000011111111111111111111111111111111111111111111111111111111111111111111111111111111111111111111111111111111111111111100000000
 0000000001111111111111111111111111111111111111111111111111111111111111111111111111111111111111111111111111111111111111111100000000
 0000000001111111111111111111111111111111111111111111111111111111111111111111111111111111111111111111111111111111111111111110000000
 0000000000111111111111111111111111111111111111111111111111111111111111111111111111111111011111111111111111111111111111111111000000
 0000000000011111111111111111111111111111111111111111111111111111111111111111111111111110001111111111111111111111111111111111000000
 0000000000111111111111111111111111111111111111111111111111111111111111111111111111111110011111111111111111111111111111111111100000
 0000000000111111111111111111111111111111111111111111111111111111111111111111111111111110011111111111111111111111111111111111100000
 0000000000111111111111111111111111111111111111111111111111111111111111111111111111111100111111111111111111111111111111111111111100
 0000000001111111111111111111111111111111111111111111111111111111111111111111111111111100111111111111111111111111111111111111111100
 0000000001111111111111111111111111111111111111111111111111111111111111111111111111111001111111111111111111111111111111111101111100
 0000000001111111111111111111111111111111111111111111111111111111111111111111111111110111111111111111111111111111111111111100001100
 0000000011111111111111111111111111111111111111111111111111111111111111111111111111111111111111111111111111111111111111111100000000
 0000001111111111111111111111111111111111111111111111111111111111111111111111111111111111111111111111111111111111111111111110000000
 0000001111111111111111111111111111111111111111111111111111111111111111111111111111111111111111111111111111111111111111001110000000
 1110001111111111111111111111111111111111111111111111111111111111111111111111111111111111111111111110000000000000111111000110000000
 1111001111111111111111111111111111111111111111111111111111111111111111111111111111111111111111111000000000000000011111110000000000
 1111111111111111111111111111111111111111111111111111111111111111111111111111111111111111111111110000000001110000011111110000000000
 1111111111111111111111111111111111111111111111111111111111111111111111111111111111111111111111100011111111111100011111110000000000
 1111111111111111111111111111111111111111111111111111111111111111111111111111111111111111111100001111111111111110011111000000000000
 1111111111111111111111111111111111111111111111111111111111111111111111111100111111111111111111111111111111111111011111100000000000
 1111111111111111111111111111111111111111111111111111111111111111111111111100011111111111111111111111111111111111111111100000000000
 1111111111111111111111111111111111111111111111111111111111111111111111111100001111111111111111111111111111111111111111000000000000
 0011111111111111111111111111111111111111111111111111111111111111111111111100011111111111111111111111111111111111001111000000000000
 0000111111111111100111111111111111111111111111111111111111111111111111111100011111111111111111111111111111111111101100000000000000
 0000111111111111100111111111111111111111111111111111111111111111111111111100111111111111111111111111111111111111101100000000000000
 0000011111111111100111111111111111111111111111111111111111111111111111111000111111111111111111111111111111111111000000000000000000
 0000000011111111111111111111111111111111111111111111111111111111111111110000111111111111111111111110000111111111000000000000000000
 0000000000011111111111111111111111111111111111111111111111111111111111110000111111111111111111111111000000001111000000000000000000
 0000000000000011111111111111111111111111111111111111111111111111111111111111111111111111111111111111000000001111000000000000000000
 0000000000000000111111111111111111111111111111111111111111111111111111111111111111111111111111111110000000000011000000000000000000
 0000000000000000011111111111111111111111111111111111111111111111111111111000111111111111111111111100000000000011000000000000000000
 0000000000000000001111111111111111111111111111111111111111111111111111111000111100000000111110111100000000000011000000000000000000
 0000000000000000000111111111111111111111111111111111111111111111111111110000000000000000011100011000000000000000000000000000000000
 0000000000000000000001111111111111111111111011111111111111111111111111000000000000000000000000000000000000000000000000000000000000
 0000000000000000000001111111111111111111111000000000111111111111111110000000000000000000000000000000000000000000000000000000000000
 0000000000000000000000111111111111111111111111100000001111111111111110000000000000000000000000000000000000000000000000000000000000
 0000000000000000000000111111111111111111111111110000111111111111111110000000000000000000000000000000000000000000000000000000000000
 0000000000000000000000111111111111111111111111110001111111111111111110000000000000000000000000000000000000000000000000000000000000
 0000000000000000000000011111111111111111111111110011111111111111111111000000000000000000000000000000000000000000000000000000000000
 0000000000000000000000000111111111111111111111000111111111111111111111000000000000000000000000000000000000000000000000000000000000
 0000000000000000000000000011100001111111111111001111111111111111111111000000000000000000000000000000000000000000000000000000000000
 0000000000000000000000000000000000111110011111001111111111111111111111000000000000000000000000000000000000000000000000000000000000
 0000000000000000000000000000000000011000000000001111111111111111111000000000000000000000000000000000000000000000000000000000000000
 0000000000000000000000000000000000000000000000001111111111000011110000000000000000000000000000000000000000000000000000000000000000
 0000000000000000000000000000000000000000000000001111111110000000000000000000000000000000000000000000000000000000000000000000000000
 0000000000000000000000000000000000000000000000001111111110000000000000000000000000000000000000000000000000000000000000000000000000
 0000000000000000000000000000000000000000000000000111111110000000000000000000000000000000000000000000000000000000000000000000000000
 0000000000000000000000000000000000000000000000000001101100000000000000000000000000000000000000000000000000000000000000000000000000
 0000000000000000000000000000000000000000000000000000000000000000000000000000000000000000000000000000000000000000000000000000000000
 0000000000000000000000000000000000000000000000000000000000000000000000000000000000000000000000000000000000000000000000000000000000
