 00000000000000000000000000000000000000000000000000000000000000000000000000000000000000000000000000000000000111111111111111111111111100000000000000000000000000000000000000000000000000111111111111111111110000000000000000000000111111111111111111111111111111111111
 00000000000000000000000000000000000000000000000000000000000000011000000000000000000000000000000000000000000111111111111111111111111100000000000000000000000000000000000000000000000000111111111111111111110000000000000000000000111111111111111111111111111111111111
 00000000000000000000000000000000000000000000000000000000000000111000000000000000000000000000000000000000000111111111111111111111111110000000000000000000000000000000000000000000000000111111111111111111110000000000000000000001111111111111111111111111111111111111
 00000000000000000000000000000000000000000000000000000000000000111000000000000000000000000000000000000000001111111111111111111111111110000000000000000000000000000000000000000000000000011111111111111111110000000000000000000001111111111111111111111111111111111111
 00000000000000000000000000000000000000000000000000000000000000111000000000000000000000000000000000000000001111111111111111111111111100000000000000000000000000000000000000000000000000001111111111111111110001100000000000000000111111111111111111111111111111111111
 00000000000000000000000000000000000000000000000000000000000000011111100000000000000000000000000000000000001111111111111111111111111110000000000000000000000000000000000000000000000000000111111111111111111111110000000000000000111111111111111111111111111111111111
 00000000000000000000000000000000000000000000000000000000000000011111110000000000000000000000000000000000011111111111111111111111111110000000000000000000000000000000000000000000000000000111111111111111111111111100000000000000011111111111111111111111111111111111
 00000000000000000000000000000000000000000000000000000000000000000111111100000000000000000000000000000011111111111111111111111111111100000000000000000000000000000000000000000000000000000011111111111111111111111100000000000000011111111111111111111111111111111111
 00000000000000000000000000000000000000000000000000000000000000000111111100000000000000000000000000000011111111111111111111111111110000000000000000000000000000000000000000000000000000000001111111111111111111111100000000000000011111111111111111111111111111111111
 00000000000000000000000000000000000000000000000000000000000000000011111100000000000000000000000000000111111111111111111111111111110000000000000000000000000000000000000000000000000000000000111111111111111111111111000000000000011111111111111111111111111111111111
 00000000000000000000000000000000000000000000000000000000000000000111111100000000000000000000000000000111111111111111111111111111100000000000000000000000000000000000000000000000000000000000011111111111111111111111100000000000011111111111111111111111111111111111
 00000000000000000000000000000000000000000000000000000000000000000111111110000000000000000000000000000111111111111111111111111111110000000000000000000000000000000000000000000000000000000000011111111111111111111111110000000000011111111111111111111111111111111111
 00000000000000000000000000000000000000000000000000000000000000000111111110000000000000000000000000001111111111111111111111111111110000000000000000000000000000000000000000000000000000000000011111111111111111111111110000000000111111111111111111111111111111111111
 00000000000000000000000000000000000000000000000000000000000000011111111110000000000000000000000001111111111111111111111111111111110000000000000000000000000000000000000000000000000000000000001111111111111111111111100000000001111111111111111111111111111111111111
 00000000000000000000000000000000000000000000000000000000000000011111111000000000000000000000000001111111111111111111111111111111100000000000000000000000000000000000000000000000000000000000001111111111111111111111111100111111111111111111111111111111111111111111
 00000000000000000000000000000000000000000000000000000000000000001111111000000000000000000000000001111111111111111111111111111111100000000000000000000000000000000000000000000000000000000000001111111111111111111111111111111111111111111111111111111111111111111111
 00000000000000000000000000000000000000000000000000000000000000011111111000000000000000000000000001111111111111111111111111111111100000000000000000000000000000000000000000000000000000000000001111111111111111111111111111111111111111111111111111111111111111111111
 00000000000000000000000000000000000000000000000000000000000001111111110000000000000000000000000001111111111111111111111111111111100000000000000000000000000000000000000000000000000000000000000111111111111111111111111111111111111111111111111111111111111111111111
 00000000000000000000000000000000000000000000000000000000000001111111100000000000000000000000000011111111111111111111111111111111100000000000000000000000000000000000000000000000000000000000000111111111111111111111111111111111111111111111111111111111111111111111
 00000000000000000000000000000000000000000011100000000000000000111111100000000000000000000000000011111111111111111111111111111111000000000000000000000000000000000000000000000000000000000000000111111111111111111111111111111111111111111111111111111111111111111111
 00000000000000000000000000000000000000000011111100000000000000001111100000000000000000000000000011111111111111111111111111111111100000000000000000000000000000000000000000000000000000000000000111111111111111111111111111111111111111111111111111111111111111111111
 00000000000000000000000000000000000000001111111100000000000000001111110000000000000000000000000011111111111111111111111111111111100000000000000000000000000000000000000000000000000000000000000111111111111111111111111111111111111111111111111111111111111111111111
 00000000000000000000000000000000000000011111111000000000000000001111110000000000000000000000000011111111111111111111111111111110000000000000000000000000000000000000000000000000000000000000001111111111111111111111111111111111111111111111111111111111111111111111
 00000000000000000000000000000000000000111111111000000110000000001111110000000000000000000000000111111111111111111111111111111111000000000000000000000000000000000000000000000000000000000000001111111111111111111111111111111111111111111111111111111111111111111111
 00000000000000000000000000000000000001111111110011000111000000001111110000000000000000000000000111111111111111111111111111111111000000000000000000000000000000000000000000000000000000000000000111111111111111111111111111111111111111111111111111111111111111111111
 00000000000000000000000000000000000001111111100111100111000000001111111000000000000000000000000111111111111111111111111111111110000000000000000000000000000000000000000000000000000000000000001111111111111111111111111111111111111111111111111111111111111111111111
 00000000000000000000000000000000000001111001111111111111100000000111111000000000000000000000001111111111111111111111111111111110000000000000000000000000000000000000000000000000000000000000011111111111111111111111111111111111111111111111111111111111111111111111
 00000000000000000000000000000000000011111001111111111111110000000111111100000000000000000000111111111111111111111111111111111110000000000000000000000000000000000000000000000000000000000000111111111111111111111111111111111111111111111111111111111111111111111111
 00000000000000000000000000000000000011111000110111111111110000000111111110000000000000000001111111111111111111111111111111111100000000000000000000000000000000000000000000000000000000000001111111111111111111111111111111111111111111111111111111111111111111111111
 00000000000000000000000000000000000011110000000011111111111000000111111111000000000000001111111111111111111111111111111111111000000000000000000000000000000000000000000000000000000000001111111111111111111111111111111111111111111111111111111111111111111111111111
 00000000000000000000000000000000000011110000000001111111111111000111111111100000000001111111111111111111111111111111111111111000000000000000000000000000000000000000000000000000000000001111111111111111111111111111111111111111111111111111111111111111111111111111
 00000000000000000000000000000000000011000000000001111111111111000011111111110000000011111111111111111111111111111111111111111000000000000000000000000000000000000000000000000000000000001111111111111111111111111111111111111111111111111111111111111111111111111111
 00000000000000000000000000000000000011100000000001111111111111000000111111111000000111111111111111111111111111111111111111111000000000000000000000000000000000000000000000000000000000011111111111111111111111111111111111111111111111111111111111111111111111111111
 00000000000000000000000000000000000011100000000011111111101100000000000001111111011111111100011111111111111111111111111111100000000000000000000000000000000000000000000000000000000000011111111111111111111111111111111111111111111111111111111111111111111111111111
 00000000000000000000000000000111111111000000000011111111100000000000000000111111111111111000011111111111111111111111111111000000000000000000000000000000000000000000000000000000000000011111111111111111111111111111111111111111111111111111111111111111111111111111
 00000000000000000000000000011111111111000000000011111111100000000000000000001111111111000000000111111111111111110110001100000000000000000000000000000000000000000000000000000000000001111111111111111111111111111111111111111111111111111111111111111111111111111111
 00000000000000000000000000011111110000000000000011111111100000000000000000000111111100000000000111111111111111100000000000000000000000000000000000000000000000000000000000000000000001111111111111111111111111111111111111111111111111111111111111111111111111111111
 00000000000000000000000001111111000000000000000011111111100000000000000000000111110000000000000111111111111111000000000000000000000000000000000000000000000000000000000000000000000001111111111111111111111111111111111111111111111111111111111111111111111111111111
 00000000000000000000000011111110000000000000000011111111100000000000000000011111110000000000000011111111111111000000000000000000000000000000000000000000000000000000000000000000000001111111111111111111111111111111111111111111111111111111111111111111111111111111
 00000000000000000000000111111000000000000000000011111111100000000000000000011110000000000000000001111111111111000000000000000000000000000000000000000000000000000000000000000000000000111111111111111111111111111111111111111111111111111111111111111111111111111111
 00000000000000000000001111111000000000000000000001111111100000000000011000111110000000000000000001111111111111000000000000000000000000000000000000000000000000000000000000000000000001111111111111111111111111111111111111111111111111111111111111111111111111111111
 00000000000000000000001111110000000000000000000000111111100000000000111111111100000000000000000000111111111110000000000000000000000000000000000000000000000000000000000000000000000011111111111111111111111111111111111111111111111111111111111111111111111111111111
 00000000000000000000011111100000000000000000000000011111100110000000111111111100000000000000000000001111111110000000000000000000000000000000000000000000000000000000000000000000000011111111111111111111111111111111111111111111111111111111111111111111111111111111
 00000000000000000000011111100000000000000000000000011111100110000000111111001100000000000000000000000111111110000000000000000000000000000000000000000000000000000000000000000000000011111111111111111111111111111111111111111111111111111111111111111111111111111111
 00000000000000000000011111100000000000000000000000001111110110000000111111000000000000000000000000000111111100000000000000000000000000000000000000000000000000000000000000000000000001111111111111111111111111111111111111111111111111111111111111111111111111111111
 00000000000000000000011001100000000000000000000000000111111111001111111110000000000000000000000000001111111111000000000000000000000000000000000000000000000000000000000000000000000001111111111111111111111111111111111111111111111111111111111111111111111111111111
 00000000000000000000000001110000000000000000000000000011111111111111111110000000000000000000000000001111111111000000000000000000000000000000000000000000000000000000000000000000111111111111111111111111111111111111111111111111111111111111111111111111111111111111
 00000000000000000000000001110000000000000000000000000001111111111111111110000000000000000000000000000011111110000000000000000000000000000000000000000000000000000000000000000000111111111111111111111111111111111111111111111111111111111111111111111111111111111111
 00000000000000000000000001110000000000000000000000000000011111111111111100000000000000000000000000000001111100000000000000000000000000000000000000000000000000000000000000000000000111111111111111111111111111111111111111111111111111111111111111111111111111111111
 00000000000000000000000001100000000000000000000000000000000111111111110000000000000000000000000000000000011110000000000000000000000000000000000000000000000000000000000000000000110111111111111111111111111111111111111111111111111111111111111111111111111111111111
 00000000000000000000000011100000000000000000000000000000000111111111100000011100000001111100000000000000001110000000000000000000000000000000000000000000000000000000000000000001111111111111111111111111111111111111111111111111111111111111111111111111111111111111
 00000000000000000000000011100000000000000000000000110011001111111111100000011110000111111100000000000000000111110000000000000000000000000000000000000000000000000000000000000011111111111111111111111111111111111111111111111111111111111111111111111111111111111111
 00000000000000000000000111100000000000000000000000111011111111111111110000001110000111101110000000000000000111111100000000000000000000000000000000000000000000000000000000000011111111111111111111111111111111111111111111111111111111111111111111111111111111111111
 00000000000000000000000111100000000000000000000000111111111111111111110000001110000111101110000000000000000111111111110000000000000000000000000000000000000000000000000000000001111111111111111111111111111111111111111111111111111111111111111111111111111111111111
 00000000000000000000000111100011000000000000000000111111111111111111110000000110001111101111000000000000000011111111110000000000000000000000000000000000000000000000000000000011111111111111111111111111111111111111111111111111111111111111111111111111111111111111
 00000000000000000000000111110111000000000000000011111111111111111111000000000110011111111111000000000000000011111111111000000000000000000000000000000000000000000000000000000111111111111111111111111111111111111111111111111111111111111111111111111111111111111111
 00000000000000000000000111111111000000000000000011111111111111111111100000001111111101111110000000000000000000111111111000000000000000000000000000000000000000000000000000000111111111111111111111111111111111111111111111111111111111111111111111111111111111111111
 00000000000000000000000111111110000000000000000111111111111110001111100000011111111001111000000000000000000000000111111000000000000000000000000000000000000000000000000000001111111111111111111111111111111111111111111111111111111111111111111111111111111111111111
 00000000000000000000000111111111000000000000001111111111111110000011100011011111111001111000000000000000000000000111100000000000000000000000000000000000000000000000000001111111111111111111111111111111111111111111111111111111111111111111111111111111111111111111
 00000000000000000000000111111111000000000000001111111111111100000001100011111111111001110000000000000000000000000011100000000000000000000000000000000000000000000000000001111111111111111111111111111111111111111111111111111111111111111111111111111111111111111111
 00000000000000000000000111111111111000000000000111111111110000000001110111111111111001111000000000000000000000000001110000000000000000000000000000000000000000000000000111111111111111111111111111111111111111111111111111111111111111111111111111111111111111111111
 00000000000000000000000111111111111000000000000111111111000000000011111111111111110000111000000000000000000000000001111000000000000000000000000000000000000000000000000111111111111111111111111111111111111111111111111111111111111111111111111111111111111111111111
 00000000000000000000000111111111111000000000000111111100000000000011111111111111000000111000000000000000000000000000111100000000000000000000000000000000000000000000001111111111111111111111111111111111111111111111111111111111111111111111111111111111111111111111
 00000000000000000000000111111111111000000000000011111000000001100011111111111111000000111100000000000000000000000000011110000000000000000000000000000000000000000000011111111111111111111111111111111111111111111111111111111111111111111111111111111111111111111110
 00000000000000000000001111111111111000000000000011111000000001111001111110111111000000111100000000000000000000000000001111000000000000000000000000000000000000000000011111111111111111111111111111111111111111111111111111111111111111111111111111111111111111111100
 00000000000000000000011111111111000000000000000011111111000001111000111110111111000011111000000000000000000000000000000111100000000000000000000000000000000000000000111111111111111111111111111111111111111111111111111111111111111111111111111111111111111111111000
 00000000000000000000011111111111000000000000000001111111000000111110111111011110000111111100000000000000000000000000000111110000000000000000000000000000000000000011111111111111111111111111111111111111111111111111111111111111111111111111111111111111111111110000
 00000000000000000000011111111100000000000000000001111110000000111111111111111100000111111100000000000000000000000000000001111000000000000000000000000000000000000011111111111111111111111111111111111111111111111111111111111111111111111111111111111111111110000000
 00000000000000000000000111111000000000000000000001111100000000111111111111111100000111111100000000000000000000000000000000111000000000000000000000000000000000000001111111111111111111111111111111111111111111111111111111111111111111111111111111111111111110000000
 00000000000000000011111111111100000000000000000111111100000000111111111111111111000111111011000000000000000000000000000000011100000000000000000000000000000000000011111111111111111111111111111111111111111111111111111111111111111111111111111111111111111000000000
 00000000000000000011111111111110000000000000000111111100000000111111110111111111000111110111000000000000000000000000000000011111110000000000000000000000000000000011111111111111111111111111111111111111111111111111111111111111111111111111111111111111110000000000
 00000000000000000001111111111110000000000000000111111111000000111111000001111111001111110111110000000000000000000000000000111111111110000000000000000000000000000011111111111111111111111111111111111111111111111111111111111111111111111111111111111111110000000000
 00000000000000000000111111111110000000000000000111111111000111111111000000011111111111111111110000000000000000000000000000111111111110000000000000000000000000000011111111111111111111111111111111111111111111111111111111111111111111111111111111101111100000000000
 00000000000000000000001111111111000000000000000011111110000111111111100000011111111111111111111101100000000000000000000001111111111110000000000000000000000000000111111111111111111111111111111111111111111111111111111111111111111111111111111111011111100000000000
 00000000000000000000001111111111000000000000000011111111100000011111111000011111111111111111111111110000000000000000001111111111111110000000000000000000000000000111111111111111111111111111111111111111111111111111111111111111111111111111111111011111000000000000
 00000000000000000011100111111111111111000000000111111111100000000011111101111111111111111111111111111111111110000001111111111111111111000000000000000000000000000111111111111111111111111111111111111111111111111111111111111111111111111111111111011110000000000000
 00000000000000000011111111111111111111111110001111111110000000000011111111111111111111111111111111111111111111111111111111111111111111110000000000000000000000000111111111111111111111111111111111111111111111111111111111111111111111111111111111011000000000000000
 00000000000000000001111111111111111111111111011111111110000000001111111111111111111111111111111111111111111111111111111111111111111111111000000000000001110000000111111111111111111111111111111111111111111111111111111111111111111111111111111100000000000000000000
 00000000000000000001111111111111111111111111111111111110000000011111111111111111111111111111111111111111111111111111111111111111111111111000000000000001111110000111111111111111111111111111111111111111111111111111111111111111111111111111111000000000000000000000
 00000000000000000011111111111111111111111111111111111110011111111111111111111111111111111111111111111111111111111111111111111111111111111100000000000001111110000111111111111111111111111111111111111111111111111111111111111111111111111111111000000000000000000000
 00000000000000000111111111111111111111111111111111111111111111111111111111111111111111111111111111111111111111111111111111111111111111111111000000000001111111111111111111111111111111111111111111111111111111111111111111111111111111111111110000000000000000000000
 00000000000000001111111111111111111111111111111111111111111111111111111111111111111111111111111111111111111111111111111111111111111111111111110001111111111111111111111111111111111111111111111111111111111111111111111111111111111111111111111000000000000000000000
 00000000000000011111111111111111111111111111111111111111111111111111111111111111111111111111111111111111111111111111111111111111111111111111111111111111111111111111111111111111111111111111111111111111111111111111111111111111111111111111111000000000000000000000
 00000000000001111111111111111111111111111111111111111111111111111111111111111111111111111111111111111111111111111111111111111111111111111111111111111111111111111111111111111111111111111111111111111111111111111111111111111111111111111111100000000000000000000000
 00000000000001111111111111111111111111111111111111111111111111111111111111111111111111111111111111111111111111111111111111111111111111111111111111111111111111111111111111111111111111111111111111111111111111111111111111111111111111111111100000000000000000000000
 00000000000000111111111111111111111111111111111111111111111111111111111111111111111111111111111111111111111111111111111111111111111111111111111111111111111111111111111111111111111111111111111111111111111111111111111111111111111111111111000000000000000000000000
 00000000000001111111111111111111111111111111111111111111111111111111111111111111111111111111111111111111111111111111111111111111111111111111111111111111111111111111111111111111111111111111111111111111111111111111111111111111111111111111000000000000000000000000
 00000000000001111111111111111111111111111111111111111111111111111111111111111111111111111111111111111111111111111111111111111111111111111111111111111111111111111111111111111111111111111111111111111111111111111111111111111111111111111100000000000000000000000000
 00000000000111111111111111111111111111111111111111111111111111111111111111111111111111111111111111111111111111111111111111111111111111111111111111111111111111111111111111111111111111111111111111111111111111111111111111111111111111111110000000000000000000000000
 00000000011111111111111111111111111111111111111111111111111111111111111111111111111111111111111111111111111111111111111111111111111111111111111111111111111111111111111111111111111111111111111111111111111111111111111111111111111111111110000000000000000000000000
 00000000011111111111111111111111111111111111111111111111111111111111111111111111111111111111111111111111111111111111111111111111111111111111111111111111111111111111111111111111111111110001111111111111111111111111111111111111111111111110000000000000000000000000
 00000000011111111111111111111111111111111111111111111111111111111111111111111111111111111111111111111111111111111111111111111111111111111111111111111111111111111111111111111111111110000001111100111111111111111111111111111111111111111110000000000000000000000000
 00000000011111111111111111111111111111111111111111111111111111111111111111111111111111111111111111111111111111111111111111111111111111111111111111111111111111111111111111111111111000000000000000000111111111111111111111111111111111111110000000000000000000000000
 00000000001111111111111111111111111111111111111111111111111111111111111111111111111111111111111111111111111111111111111111111111111111111111111111111111111111111111111111111111111000000000000000000011111111111111111111111111111111111110000000000000000000000000
 00000000000111111111111111111111111111111111111111111111111111111111111111111111111111111111111111111111111111111111111111111111111111111111111111111111111111111111111111111111111000000000000000001111111111111111111111111111111111111000000000000000000000000000
 00000000000011111111111111111111111111111111111111111111111111111111111111111111111111111111111111111111111111111111111111111111111111111111111111111111111111111111111111111111111100000000000000111111111111111111111111111111111111110000000000000000000000000000
 00000000000011111111111111111111111111111111111111111111111111111111111111111111111111111111111111111111111111111111111111111111111111111111111111111111111111111111111111111111111100000000000001111111111111111111111111111111111111110000000000000000000000000000
 00000000000011111111111111111111111111111111111111111111111111111111111111111111111111111111111111111111111111111111111111111111111111111111111111111111111111111111111111111111111100000000000111111111111111111111111111111111111111110000000000000000000000000000
 00000000000011111111111111111111111111111111111111111111111111111111111111111111111111111111111111111111111111111111111111111111111111111111111111111111111111111111111111111111111100000000011111111111111111111111111111111111111111110000000000000000000000000000
 00000000000011111111111111111111111111111111111111111111111111111111111111111111111111111111111111111111111111111111111111111111111111111111111111111111111111111111111111111111111100000000011111011111111111111111111111111111111111100000000000000000000000000000
 00000000000011111111111111111111111111111111111111111111111111111111111111111111111111111111111111111111111111111111111111111111111111111111111111111111111111111111111111111111111000000000000000011111111111111111111111111111111111100000000000000000000000000000
 00000000000011111111111111111111111111111111111111111111111111111111111111111111111111111111111111111111111111111111111111111111111111111111111111111111111111111111111111111111100000001111000000001111111111111111111111111111111111100000000000000000000000000000
 00000000000001111111111111111111111111111111111111111111111111111111111111111111111111111111111111111111111111111111111111111111111111111111111111111111111111111111111111111111111000001111110000011111111111111111111111111111111111111000000000000000000000000000
 00000000000000111111111111111111111111111111111111111111111111111111111111111111111111111111111111111111111111111111111111111111111111111111111111111111111111111111111111111111111000000111111110111111111111111111111111111111111111111000000000000000000000000000
 00000000000000111111111111111111111111111111111111111111111111111111111111111111111111111111111111111111111111111111111111111111111111111111111111111111111111111111111111111111110000000111111111111111111111111111111111111111111111110000000000000000000000000000
 00000000000001111111111111111111111111111111111111111111111111111111111111111111111111111111111111111111111111111111111111111111111111111111111111111111111111111111111111111111111000000111111111111111111111111111111111111111111111110000000000000000000000000000
 00000000000001111111111111111111111111111111111111111111111111111111111111111111111111111111111111111111111111111111111111111111111111111111111111111111111111111111111111111111111100001111111111111111111111111111111111111111111111110000000000000000000000000000
 00000000000001111111111111111111111111111111111111111111111111111111111111111111111111111111111111111111111111111111111111111111111111111111111111111111111111111111111111111111111100011111111111111111111111111111111111111111111111111000000000000000000000000000
 00000000000001111111111111111111111111111111111111111111111111111111111111111111111111111111111111111111111111111111111111111111111111111111111111111111111111111111111111111111111111111111111111111111111111111111111111111111111111111100000000000000000000000000
 00000000000000111111111111111111111111111111111111111111111111111111111111111111111111111111111111111111111111111111111111111111111111111111111111111111111111111111111111111111111111111111111111111111111111111111111111111111111111111100000000000000000000000000
 00000000000000111111111111111111111111111111111111111111111111111111111111111111111111111111111111111111111111111111111111111111111111111111111111111111111111111111111111111111111111111111111111111111111111111111111111111111111111111110011000000000000000000000
 00000000000000111111111111111111111111111111111111111111111111111111111111111111111111111111111111111111111111111111111111111111111111111111111111111111111111111111111111111111111111111111111111111111111111111111111111111111111111111111111000000000000000000000
 00000000000000111111111111111111111111111111111111111111111111111111111111111111111111111111111111111111111111111111111111111111111111111111111111111111111111111111111111111111111111111111111111111111111111111111111111111111111111111111111000000000000000000000
 00000000000000011111111111111111111111111111111111111111111111111111111111111111111111111111111111111111111111111111111111111111111111111111111111111111111111111111111111111111111111111111111111111111111111111111111111111111111111111111111000000000000000000000
 00000000000000011111111111111111111111111111111111111111111111111111111111111111111111111111111111111111111111111111111111111111111111111111111111111111111111111111111111111111111111111111111111111111111111111111111111111111111111111111111100000000000000000000
 00000000000000001111111111111111111111111111111111111111111111111111111111111111111111111111111111111111111111111111111111111111111111111111111111111111111111111111111111111111111111111111111111111111111111111111111111111111111111111111111111000000000000000000
 00000000000000001111111111111111111111111111111111111111111111111111111111111111111111111111111111111111111111111111111111111111111111111111111111111111111111111111111111111111111111111111111111111111111111111111111111111111111111111111111111000000000000000000
 00000000000000001111111111111111111111111111111111111111111111111111111111111111111111111111111111111111111111111111111111111111111111111111111111111111111111111111111111111111111111111111111111111111111111111111111111111111111111111111111111000000000000000000
 00000000000000001111111111111111111111111111111111111111111111111111111111111111111111111111111111111111111111111111111111111111111111111111111111111111111111111111111111111111111111111111111111111111111111111111111111111111111111111111111111000000000000000000
 00000000000000001111111111111111111111111111111111111111111111111111111111111111111111111111111111111111111111111111111111111111111111111111111111111111111111111111111111111111111111111111111111111111111111111111111111111111111111111111111111000000000000000000
 00000000000000001111111111111111111111111111111111111111111111111111111111111111111111111111111111111111111111111111111111111111111111111111111111111111111111111111111111111111111111111111111111111111111111111111111111111111111111111111111111100000000000000000
 00000000000000000011111111111111111111111111111111111111111111111111111111111111111111111111111111111111111111111111111111111111111111111111111111111111111111111111111111111111111111111111111111111111111111111111111111111111111111111111111111100000000000000000
 00000000000000000011111111111111111111111111111111111111111111111111111111111111111111111111111111111111111111111111111111111111111111111111111111111111111111111111111111111111111111111111111111111111111111111111111111111111111111111111111111110000000000000000
 00000000000000000011111111111111111111111111111111111111111111111111111111111111111111111111111111111111111111111111111111111111111111111111111111111111111111111111111111111111111111111111111111111111111111111111111111111111111111111111111111110000000000000000
 00000000000000000011111111111111111111111111111111111111111111111111111111111111111111111111111111111111111111111111111111111111111111111111111111111111111111111111111111111111111111111111111111111111111111111111111111111111111111111111111111111000000000000000
 00000000000000000001111111111111111111111111111111111111111111111111111111111111111111111111111111111111111111111111111111111111111111111111111111111111111111111111111111111111011111111111111111111111111111111111111111111111111111111111111111111100000000000000
 00000000000000000000111111111111111111111111111111111111111111111111111111111111111111111111111111111111111111111111111111111111111111111111111111111111111111111111111111111110011111111111111111111111111111111111111111111111111111111111111111111110000000000000
 00000000000000000000011111111111111111111111111111111111111111111111111111111111111111111111111111111111111111111111111111111111111111111111111111111111111111111111111111111110011111111111111111111111111111111111111111111111111111111111111111111110000000000000
 00000000000000000000011111111111111111111111111111111111111111111111111111111111111111111111111111111111111111111111111111111111111111111111111111111111111111111111111111111100000111111111111111111111111111111111111111111111111111111111111111111111000000000000
 00000000000000000000011111111111111111111111111111111111111111111111111111111111111111111111111111111111111111111111111111111111111111111111111111111111111111111111111111111110111111111111111111111111111111111111111111111111111111111111111111111111000000000000
 00000000000000000000111111111111111111111111111111111111111111111111111111111111111111111111111111111111111111111111111111111111111111111111111111111111111111111111111111111111111111111111111111111111111111111111111111111111111111111111111111111111100000000000
 00000000000000000001111111111111111111111111111111111111111111111111111111111111111111111111111111111111111111111111111111111111111111111111111111111111111111111111111111111111111111111111111111111111111111111111111111111111111111111111111111111111100000000000
 00000000000000000001111111111111111111111111111111111111111111111111111111111111111111111111111111111111111111111111111111111111111111111111111111111111111111111111111111111111111111111111111111111111111111111111111111111111111111111111111111111111110000000000
 00000000000000000001111111111111111111111111111111111111111111111111111111111111111111111111111111111111111111111111111111111111111111111111111111111111111111111111111100111111111111111111111111111111111111111111111111111111111111111111111111111111111100001100
 00000000000000000001111111111111111111111111111111111111111111111111111111111111111111111111111111111111111111111111111111111111111111111111111111111111111111111111111110000110111111111111111111111111111111111111111111111111111111111111111111111111111111111100
 00000000000000000001111111111111111111111111111111111111111111111111111111111111111111111111111111111111111111111111111111111111111111111111111111111111111111111111111111000000111111111111111111111111111111111111111111111111111111111111111111111111111111111100
 00000000000000000011111111111111111111111111111111111111111111111111111111111111111111111111111111111111111111111111111111111111111111111111111111111111111111111111101111000001111111111111111111111111111111111111111111111111111111111111111111111111111111110000
 00000000000000000011111111111111111111111111111111111111111111111111111111111111111111111111111111111111111111111111111111111111111111111111111111111111111111111111101110000011111111111111111111111111111111111111111111111111111111111111111111110111111111110000
 00000000000000000111111111111111111111111111111111111111111111111111111111111111111111111111111111111111111111111111111111111111111111111111111111111111111111111111110110000111111111111111111111111111111111111111111111111111111111111111111111110111111111110000
 00000000000000000111111111111111111111111111111111111111111111111111111111111111111111111111111111111111111111111111111111111111111111111111111111111111111111111111111000111111111111111111111111111111111111111111111111111111111111111111111111110000000011111000
 00000000000000000111111111111111111111111111111111111111111111111111111111111111111111111111111111111111111111111111111111111111111111111111111111111111111111111111111000111111111111111111111111111111111111111111111111111111111111111111111111100000000011111000
 00000000000000001111111111111111111111111111111111111111111111111111111111111111111111111111111111111111111111111111111111111111111111111111111111111111111111111111111111111111111111111111111111111111111111111111111111111111111111111111111111100000000000000000
 00000000000000011111111111111111111111111111111111111111111111111111111111111111111111111111111111111111111111111111111111111111111111111111111111111111111111111111111111111111111111111111111111111111111111111111111111111111111111111111111111110000111000000000
 00000000000001111111111111111111111111111111111111111111111111111111111111111111111111111111111111111111111111111111111111111111111111111111111111111111111111111111111111111111111111111111111111111111111111111111111111111111111111111111111111111001111000000000
 00000000000011111111111111111111111111111111111111111111111111111111111111111111111111111111111111111111111111111111111111111111111111111111111111111111111111111111111111111111111111111111111111111111111111111111111111111111111111111111111111111101111100000000
 00000000000011111111111111111111111111111111111111111111111111111111111111111111111111111111111111111111111111111111111111111111111111111111111111111111111111111111111111111111111111111111111111111111111111111111111111111111111111111111111111111111111100000000
 00000000000011111111111111111111111111111111111111111111111111111111111111111111111111111111111111111111111111111111111111111111111111111111111111111111111111111111111111111111111111111111111111111111111111111111111111111111111111111111000011111111111100000000
 00000000000011111111111111111111111111111111111111111111111111111111111111111111111111111111111111111111111111111111111111111111111111111111111111111111111111111111111111111111111111111111111111111111110111111001100001110001111111111111000001111110111100000000
 11111000000011111111111111111111111111111111111111111111111111111111111111111111111111111111111111111111111111111111111111111111111111111111111111111111111111111111111111111111111111111111111111111100000000000000000000000000111111111111000011111100000000000000
 11111100000011111111111111111111111111111111111111111111111111111111111111111111111111111111111111111111111111111111111111111111111111111111111111111111111111111111111111111111111111111111111111100000000000000000000000000000111111111111101111111000000000000000
 11111110000011111111111111111111111111111111111111111111111111111111111111111111111111111111111111111111111111111111111111111111111111111111111111111111111111111111111111111111111111111111111111000000000000000000000000000000011111111111111111110000000000000000
 11111111101111111111111111111111111111111111111111111111111111111111111111111111111111111111111111111111111111111111111111111111111111111111111111111111111111111111111111111111111111111111111100000000000000000000000000000000011111111111111111100000000000000000
 11111111111111111111111111111111111111111111111111111111111111111111111111111111111111111111111111111111111111111111111111111111111111111111111111111111111111111111111111111111111111111111111100000000000000000011101100000000011111111111111110000000000000000000
 11111111111111111111111111111111111111111111111111111111111111111111111111111111111111111111111111111111111111111111111111111111111111111111111111111111111111111111111111111111111111111111110000000011111111111111111111100000001111111111111100000000000000000000
 11111111111111111111111111111111111111111111111111111111111111111111111111111111111111111111111111111111111111111111111111111111111111111111111111111111111111111111111111111111111111111111100000001111111111111111111111110000001111111111111000000000000000000000
 11111111111111111111111111111111111111111111111111111111111111111111111111111111111111111111111111111111111111111111111111111111111111111111111111111111111111111111111111111111111111111000000000111111111111111111111111111000001111111111110000000000000000000000
 11111111111111111111111111111111111111111111111111111111111111111111111111111111111111111111111111111111111111111111111111111111111111111111111111111111111111111111111111111111111111110000000011111111111111111111111111111100011111111111000000000000000000000000
 11111111111111111111111111111111111111111111111111111111111111111111111111111111111111111111111111111111111111111111111111111111111111111111111111100011111111111111111111111111111111111000001111111111111111111111111111111110011111111111000000000000000000000000
 11111111111111111111111111111111111111111111111111111111111111111111111111111111111111111111111111111111111111111111111111111111111111111111111111100001111111111111111111111111111111111111111111111111111111111111111111111110011111111111110000000000000000000000
 11111111111111111111111111111111111111111111111111111111111111111111111111111111111111111111111111111111111111111111111111111111111111111111111111100000111111111111111111111111111111111111111111111111111111111111111111111110011111111111110000000000000000000000
 11111111111111111111111111111111111111111111111111111111111111111111111111111111111111111111111111111111111111111111111111111111111111111111111111100000011111111111111111111111111111111111111111111111111111111111111111111111111111111111100000000000000000000000
 11111111111111111111111111111111111111111111111111111111111111111111111111111111111111111111111111111111111111111111111111111111111111111111111111110000001111111111111111111111111111111111111111111111111111111111111111111111111111111111000000000000000000000000
 11111111111111111111111111111111111111111111111111111111111111111111111111111111111111111111111111111111111111111111111111111111111111111111111111110000000111111111111111111111111111111111111111111111111111111111111111111111111111111110000000000000000000000000
 01111111111111111111111111111111111111111111111111111111111111111111111111111111111111111111111111111111111111111111111111111111111111111111111111110000001111111111111111111111111111111111111111111111111111111111111111111111001111111110000000000000000000000000
 00011111111111111111111111111111111111111111111111111111111111111111111111111111111111111111111111111111111111111111111111111111111111111111111111100000001111111111111111111111111111111111111111111111111111111111111111111111000111111110000000000000000000000000
 00000011111111111111111111111111100011111111111111111111111111111111111111111111111111111111111111111111111111111111111111111111111111111111111111100000011111111111111111111111111111111111111111111111111111111111111111111111100111111000000000000000000000000000
 00000001111111111111111111111111100001111111111111111111111111111111111111111111111111111111111111111111111111111111111111111111111111111111111111100000011111111111111111111111111111111111111111111111111111111111111111111111100111110000000000000000000000000000
 00000000111111111111111111111111100001111111111111111111111111111111111111111111111111111111111111111111111111111111111111111111111111111111111111100000011111111111111111111111111111111111111111111111111111111111111111111111100111110000000000000000000000000000
 00000000111111111111111111111111100001111111111111111111111111111111111111111111111111111111111111111111111111111111111111111111111111111111111111100000111111111111111111111111111111111111111111111111111111111111111111111111100011110000000000000000000000000000
 00000000011111111111111111111111110001111111111111111111111111111111111111111111111111111111111111111111111111111111111111111111111111111111111110000000111111111111111111111111111111111111111111111111111111111111111111111111100001100000000000000000000000000000
 00000000001111111111111111111111110001111111111111111111111111111111111111111111111111111111111111111111111111111111111111111111111111111111111110000001111111111111111111111111111111111111111111111111111111111111111111111111000000000000000000000000000000000000
 00000000000000111111111111111111111001111111111111111111111111111111111111111111111111111111111111111111111111111111111111111111111111111111111100000111111111111111111111111111111111111111111111111100000111111111111111111111000000000000000000000000000000000000
 00000000000000001111111111111111111111111111111111111111111111111111111111111111111111111111111111111111111111111111111111111111111111111111111100000111111111111111111111111111111111111111111111111100000001111111111111111110000000000000000000000000000000000000
 00000000000000000001111111111111111111111111111111111111111111111111111111111111111111111111111111111111111111111111111111111111111111111111111100000011111111111111111111111111111111111111111111111110000000011111011111111110000000000000000000000000000000000000
 00000000000000000000011111111111111111111111111111111111111111111111111111111111111111111111111111111111111111111111111111111111111111111111111100000001111111111111111111111111111111111111111111111110000000000000000111111110000000000000000000000000000000000000
 00000000000000000000000011111111111111111111111111111111111111111111111111111111111111111111111111111111111111111111111111111111111111111111111111011111111111111111111111111111111111111111111111111110000000000000000111111110000000000000000000000000000000000000
 00000000000000000000000000001111111111111111111111111111111111111111111111111111111111111111111111111111111111111111111111111111111111111111111111111111111111111111111111111111111111111111111111111110000000000000000011111110000000000000000000000000000000000000
 00000000000000000000000000000111111111111111111111111111111111111111111111111111111111111111111111111111111111111111111111111111111111111111111111111111111111111111111111111111111111111111111101111111000000000000000001111110000000000000000000000000000000000000
 00000000000000000000000000000001111111111111111111111111111111111111111111111111111111111111111111111111111111111111111111111111111111111111111111111111111111111111111111111111111111111111111101111111100000000000000000001110000000000000000000000000000000000000
 00000000000000000000000000000000011111111111111111111111111111111111111111111111111111111111111111111111111111111111111111111111111111111111111111000111111111111111111111111111111111111111111111110111111000000000000000000110000000000000000000000000000000000000
 00000000000000000000000000000000001111111111111111111111111111111111111111111111111111111111111111111111111111111111111111111111111111111111111110000001111111111111111111111111111111111111111111110011111000000000000000011110000000000000000000000000000000000000
 00000000000000000000000000000000000111111111111111111111111111111111111111111111111111111111111111111111111111111111111111111111111111111111111110000000111111111111111111111111111111111111111111110000000000000000000000011110000000000000000000000000000000000000
 00000000000000000000000000000000000011111111111111111111111111111111111111111111111111111111111111111111111111111111111111111111111111111111111110000000111111100000000000000000111111111101111111100000000000000000000000001110000000000000000000000000000000000000
 00000000000000000000000000000000000001111111111111111111111111111111111111111111111111111111111111111111111111111111111111111111111111111111111100000000000111100000000000000000011111110000110000000000000000000000000000000111000000000000000000000000000000000000
 00000000000000000000000000000000000000111111111111111111111111111111111111111111111111111111111111111111111111111111111111111111111111111111111100000000000000000000000000000000001111100000000000000000000000000000000000000111000000000000000000000000000000000000
 00000000000000000000000000000000000000011111111111111111111111111111111111111111111111111111111111111111111111111111111111111111111111111111111000000000000000000000000000000000001110000000000000000000000000000000000000000000000000000000000000000000000000000000
 00000000000000000000000000000000000000000111111111111111111111111111111111111111111110000011111111101111111111111111111111111111111111111110000000000000000000000000000000000000000000000000000000000000000000000000000000000000000000000000000000000000000000000000
 00000000000000000000000000000000000000000011111111111111111111111111111111111111111110000000000000001101111111111111111111111111111111111100000000000000000000000000000000000000000000000000000000000000000000000000000000000000000000000000000000000000000000000000
 00000000000000000000000000000000000000000111111111111111111111111111111111111111111110000000000000000000111111111111111111111111111111111100000000000000000000000000000000000000000000000000000000000000000000000000000000000000000000000000000000000000000000000000
 00000000000000000000000000000000000000000111111111111111111111111111111111111111111111000011100000000000111111111111111111111111111111111000000000000000000000000000000000000000000000000000000000000000000000000000000000000000000000000000000000000000000000000000
 00000000000000000000000000000000000000000001111111111111111111111111111111111111111111111111100000000000111111111111111111111111111111111000000000000000000000000000000000000000000000000000000000000000000000000000000000000000000000000000000000000000000000000000
 00000000000000000000000000000000000000000000111111111111111111111111111111111111111111111111110000000000111111111111111111111111111111111000000000000000000000000000000000000000000000000000000000000000000000000000000000000000000000000000000000000000000000000000
 00000000000000000000000000000000000000000000111111111111111111111111111111111111111111111111111100000000111111111111111111111111111111111000000000000000000000000000000000000000000000000000000000000000000000000000000000000000000000000000000000000000000000000000
 00000000000000000000000000000000000000000000111111111111111111111111111111111111111111111111111111100000111111111111111111111111111111111000000000000000000000000000000000000000000000000000000000000000000000000000000000000000000000000000000000000000000000000000
 00000000000000000000000000000000000000000000111111111111111111111111111111111111111111111111111111110011111111111111111111111111111111111000000000000000000000000000000000000000000000000000000000000000000000000000000000000000000000000000000000000000000000000000
 00000000000000000000000000000000000000000000011111111111111111111111111111111111111111111111111111111111111111111111111111111111111111111100000000000000000000000000000000000000000000000000000000000000000000000000000000000000000000000000000000000000000000000000
 00000000000000000000000000000000000000000000001111111111111111111111111111111111111111111111111111111111111111111111111111111111111111111110000000000000000000000000000000000000000000000000000000000000000000000000000000000000000000000000000000000000000000000000
 00000000000000000000000000000000000000000000000111111111111111111111111111111111111111111111111100111111111111111111111111111111111111111111000000000000000000000000000000000000000000000000000000000000000000000000000000000000000000000000000000000000000000000000
 00000000000000000000000000000000000000000000000000111111111111111111111111111111111111111111000001111111111111111111111111111111111111111111000000000000000000000000000000000000000000000000000000000000000000000000000000000000000000000000000000000000000000000000
 00000000000000000000000000000000000000000000000000111111110000011111111111111111111111111110000011111111011111111111111111111111111111111110000000000000000000000000000000000000000000000000000000000000000000000000000000000000000000000000000000000000000000000000
 00000000000000000000000000000000000000000000000000011111100000000111111111111111111111111110000011111110111111111111111111111111111111111110000000000000000000000000000000000000000000000000000000000000000000000000000000000000000000000000000000000000000000000000
 00000000000000000000000000000000000000000000000000001111000000000011111111111111111111111111000001111111111111111111111111111111111111111110000000000000000000000000000000000000000000000000000000000000000000000000000000000000000000000000000000000000000000000000
 00000000000000000000000000000000000000000000000000000111000000000001111111111000001111111111111111111111111111111111111111111111111111111110000000000000000000000000000000000000000000000000000000000000000000000000000000000000000000000000000000000000000000000000
 00000000000000000000000000000000000000000000000000000000000000000000111111110000000000000011111111111111111111111111111110111111111111111110000000000000000000000000000000000000000000000000000000000000000000000000000000000000000000000000000000000000000000000000
 00000000000000000000000000000000000000000000000000000000000000000000011110000000000000000000000111111111111111111111111110111111111111000000000000000000000000000000000000000000000000000000000000000000000000000000000000000000000000000000000000000000000000000000
 00000000000000000000000000000000000000000000000000000000000000000000001100000000000000000000001111111111111111111111100000011111110000000000000000000000000000000000000000000000000000000000000000000000000000000000000000000000000000000000000000000000000000000000
 00000000000000000000000000000000000000000000000000000000000000000000000000000000000000000000001111111111111111111110000000011111111000000000000000000000000000000000000000000000000000000000000000000000000000000000000000000000000000000000000000000000000000000000
 00000000000000000000000000000000000000000000000000000000000000000000000000000000000000000000000011111111111111111100000000011111111000000000000000000000000000000000000000000000000000000000000000000000000000000000000000000000000000000000000000000000000000000000
 00000000000000000000000000000000000000000000000000000000000000000000000000000000000000000000000011111111111111111000000000000111000000000000000000000000000000000000000000000000000000000000000000000000000000000000000000000000000000000000000000000000000000000000
 00000000000000000000000000000000000000000000000000000000000000000000000000000000000000000000000111111111111111111000000000000000000000000000000000000000000000000000000000000000000000000000000000000000000000000000000000000000000000000000000000000000000000000000
 00000000000000000000000000000000000000000000000000000000000000000000000000000000000000000000001111111111111111111000000000000000000000000000000000000000000000000000000000000000000000000000000000000000000000000000000000000000000000000000000000000000000000000000
 00000000000000000000000000000000000000000000000000000000000000000000000000000000000000000000001111111111111111110000000000000000000000000000000000000000000000000000000000000000000000000000000000000000000000000000000000000000000000000000000000000000000000000000
 00000000000000000000000000000000000000000000000000000000000000000000000000000000000000000000000001111111111111111000000000000000000000000000000000000000000000000000000000000000000000000000000000000000000000000000000000000000000000000000000000000000000000000000
 00000000000000000000000000000000000000000000000000000000000000000000000000000000000000000000000000000111110111111000000000000000000000000000000000000000000000000000000000000000000000000000000000000000000000000000000000000000000000000000000000000000000000000000
 00000000000000000000000000000000000000000000000000000000000000000000000000000000000000000000000000000011100111110000000000000000000000000000000000000000000000000000000000000000000000000000000000000000000000000000000000000000000000000000000000000000000000000000
 00000000000000000000000000000000000000000000000000000000000000000000000000000000000000000000000000000000000111110000000000000000000000000000000000000000000000000000000000000000000000000000000000000000000000000000000000000000000000000000000000000000000000000000
 00000000000000000000000000000000000000000000000000000000000000000000000000000000000000000000000000000000000111110000000000000000000000000000000000000000000000000000000000000000000000000000000000000000000000000000000000000000000000000000000000000000000000000000
 00000000000000000000000000000000000000000000000000000000000000000000000000000000000000000000000000000000000111110000000000000000000000000000000000000000000000000000000000000000000000000000000000000000000000000000000000000000000000000000000000000000000000000000
 00000000000000000000000000000000000000000000000000000000000000000000000000000000000000000000000000000000000000000000000000000000000000000000000000000000000000000000000000000000000000000000000000000000000000000000000000000000000000000000000000000000000000000000
 00000000000000000000000000000000000000000000000000000000000000000000000000000000000000000000000000000000000000000000000000000000000000000000000000000000000000000000000000000000000000000000000000000000000000000000000000000000000000000000000000000000000000000000
